<?xml version="1.0"?>
<opencv_storage>
	<P1 type_id="opencv-matrix">
		<rows>3</rows> <cols>3</cols>
		<dt>d</dt>
		<data>
			853.42738 0 316.65649 0 850.14915 199.78764 0 0 1	
		</data>
	</P1>

	<P2 type_id="opencv-matrix">
		<rows>3</rows> <cols>3</cols>
		<dt>d</dt>
		<data>
		  	871.36231 0 319.27450 0 869.33576 215.87973 0 0 1
		</data>
	</P2>

	<dist1 type_id="opencv-matrix">
		<rows>4</rows> <cols>1</cols>
		<dt>d</dt>
		<data>
			-0.10869
			0.13325
			-0.00119
			0.00165
		</data>
	</dist1>

	<dist2 type_id="opencv-matrix">
		<rows>4</rows> <cols>1</cols>
		<dt>d</dt>
		<data>
		 	-0.09459
		 	0.05716
		 	0.00110
		 	0.00505
		</data>
	</dist2>

	<R type_id="opencv-matrix">
		<rows>3</rows> <cols>3</cols>
		<dt>d</dt>
		<data>
			  0.9999 -0.0058 -0.0156 0.0058 1.0000 -0.0006 0.0156 0.0005 0.9999
		</data>
	</R>

	<T type_id="opencv-matrix">
		<rows>3</rows> <cols>1</cols>
		<dt>d</dt>
		<data> 
			60.37858
			0.58479
			0.73404
		</data>
	</T>


</opencv_storage>
