<?xml version="1.0"?>
<opencv_storage>
<P1 type_id="opencv-matrix">
<rows>3</rows> <cols>3</cols>
<dt>d</dt>
<data>848.06843 0 306.49619 0 846.34166 191.80801 0  0 1</data>
</P1>

<P2 type_id="opencv-matrix">
<rows>3</rows> <cols>3</cols>
<dt>d</dt>
<data>
  892.39897 0 292.75580
  0 888.60126 185.91980
  0 0 1
</data></P2>

<dist1 type_id="opencv-matrix">
<rows>4</rows> <cols>1</cols>
<dt>d</dt>
<data>
 -0.12020   0.21237   -0.00453   -0.00073 
</data></dist1>

<dist2 type_id="opencv-matrix">
<rows>4</rows> <cols>1</cols>
<dt>d</dt>
<data>
-0.08717   0.02179   -0.00262   -0.00230
</data></dist2>

<R type_id="opencv-matrix">
<rows>3</rows> <cols>3</cols>
<dt>d</dt>
<data>
  0.999982159365415  -0.005075527597433   0.003149598464751
   0.004916006312232   0.998799346017268   0.048741145630931
  -0.003393203916591  -0.048724792612029   0.998806478128819
</data></R>

<T type_id="opencv-matrix">
<rows>3</rows> <cols>1</cols>
<dt>d</dt>
<data> 
59.66851   0 0
</data></T>

</opencv_storage>

